15
3	5	7	8	9	10	11	12	13	16	17	19	20	21	22
3 7 586.6612422
3 9 417.3922229
3 13 240.8495204
3 16 203.7893259
3 17 655.9728653
5 7 491.4122135
5 9 448.5524759
5 11 661.3118611
5 17 160.2076766
5 20 302.540407
5 22 508.0149146
7 3 586.6612422
7 5 491.4122135
7 9 517.1334685
7 11 441.4144315
7 12 927.5381797
7 13 657.4025782
7 16 405.4647881
7 17 442.8382197
7 19 625.9581479
7 20 683.087554
7 22 683.087554
8 10 353.6424044
8 11 660.3723237
8 19 313.8663986
8 21 454.5113882
9 3 417.3922229
9 5 448.5524759
9 7 517.1334685
9 13 644.0826082
9 16 436.3464285
9 17 288.7857903
9 20 344.5459434
10 8 353.6424044
10 19 469.0095203
10 21 201.519605
11 5 661.3118611
11 8 660.3723237
11 19 397.3230677
11 22 348.6341353
12 7 927.5381797
12 13 573.6233322
12 19 975.1837534
12 21 694.2131966
13 3 240.8495204
13 7 657.4025782
13 9 644.0826082
13 12 573.6233322
13 16 268.7278583
16 3 203.7893259
16 7 405.4647881
16 9 436.3464285
16 13 268.7278583
16 17 593.8914063
17 3 655.9728653
17 5 160.2076766
17 7 442.8382197
17 9 288.7857903
17 16 593.8914063
17 20 244.0525465
17 22 633.7259093
19 7 625.9581479
19 8 313.8663986
19 10 469.0095203
19 11 397.3230677
19 12 975.1837534
19 21 423.9539249
20 5 302.540407
20 7 683.087554
20 9 344.5459434
20 17 244.0525465
21 8 454.5113882
21 10 201.519605
21 12 694.2131966
21 19 423.9539249
22 5 508.0149146
22 7 596.1304443
22 11 348.6341353
22 17 633.7259093